# id	left	top	right	bottom	texture_id
[SPRITES]
#brickQuestion_live
20001	300	117	315	132	20
20002	318	117	333	132	20
20003	336	117	351	132	20
20004	354	117	369	132	20

#brickNoQues
20005	372	117	387	132	20

#cục màu xanh hồng 
20011	133	101	180	148	50
20012	165	70	220	148	50
20013	232	101	311	148	50
20014	296	69	359	148	50
20015	344	37	416	117	50
20016	344	117	447	148	50

#path
20101	0	778	152	799	50

# ani_id	sprite1_id	time1	sprite2_id	time2	...
[ANIMATIONS]
#brickQuestion_live
10000	20001	200	20002	200	20003	200	20004	200
