# id	left	top	right	bottom	texture_id
[SPRITES]
#BASE WALK
31001	4	13	22	30	10
31002	24	13	42	30	10

#BASE DIE
32001	44	19	62	30	10

#BASE UPSET
33001	439	870	454	885	70

#PARA WING WALK 
35211	213	52	232	70	80	
35212	263	52	282	70	80

#PARA WING FLY
35221	163	50	182	72	80

#PARA WING UPSET
35231	206	2355	225	2374	90

#PARA WALK L & R
35101	15	54	30	69	80
35102	65	54	80	69	80

#PARA DIE
35301	315	57	330	65	80

#PARA UPSET
35401	358	2356	373	2371	90

# ani_id	sprite1_id	time1	sprite2_id	time2	...
[ANIMATIONS]
#BASE
5000	31001	100	31002	100
5001	32001	100
5002	33001	100

#PARA WING
5003	35211	100	35212	100
5004	35211	200	35212	200	35221	200
5005	35231	100

#PARA NOT WING
5006	35101	100	35102	100
5007	35301	100
5008	35401	100
