# list of object assets to load in this scene
[ASSETS]
mario.txt
brick.txt
mushroom.txt
goomba.txt
brickQues.txt
pipe.txt
background.txt
coin.txt
leafs.txt
fireball.txt
plant_enemies.txt
koopa.txt
effect.txt
brickPSwitch.txt
pswitch.txt
hud.txt
world1_1.txt
card.txt
hidden_textture.txt
#
[OBJECTS]
# type	x	y	extra_settings per object type
# type: 0 = Mario , 1 = Brick, 2 = Goomba, 3 = Koopas
# See OBJECT_TYPE constants in AssetIDs.h
7	2660	590	15	15	30	60511	60511	60511
7	2680	590	15	15	30	60511	60511	60511
7	2700	590	15	15	30	60511	60511	60511
7	2720	590	15	15	30	60511	60511	60511
7	2740	590	15	15	30	60511	60511	60511
7	2760	590	15	15	30	60511	60511	60511

7	2780	590	15	15	30	60511	60511	60511
7	2800	590	15	15	30	60511	60511	60511
7	2820	590	15	15	30	60511	60511	60511
7	2840	590	15	15	30	60511	60511	60511
7	2860	590	15	15	30	60511	60511	60511
7	2880	590	15	15	30	60511	60511	60511
7	2900	590	15	15	30	60511	60511	60511
7	2920	590	15	15	30	60511	60511	60511
7	2940	590	15	15	30	60511	60511	60511
7	2960	590	15	15	30	60511	60511	60511
7	2980	590	15	15	30	60511	60511	60511
7	3000	590	15	15	30	60511	60511	60511
7	3020	590	15	15	30	60511	60511	60511
7	3040	590	15	15	30	60511	60511	60511
7	3060	590	15	15	30	60511	60511	60511
7	3080	590	15	15	30	60511	60511	60511
7	3100	590	15	15	30	60511	60511	60511
7	3120	590	15	15	30	60511	60511	60511
7	3140	590	15	15	30	60511	60511	60511



#Platform
5	2574	1024	16	16	37	61011	61011	61011
5	2574	1008	16	16	37	61011	61011	61011
5	2574	992	16	16	37	61011	61011	61011

5	2958	976	16	16	8	61011	61011	61011
5	2974	960	16	16	8	61011	61011	61011
5	2990	944	16	16	8	61011	61011	61011
5	3006	928	16	16	8	61011	61011	61011
5	3022	912	16	16	8	61011	61011	61011
5	3038	896	16	16	8	61011	61011	61011

5	2574	976	16	16	16	61011	61011	61011
5	2574	960	16	16	16	61011	61011	61011
5	2574	944	16	16	16	61011	61011	61011
5	2574	928	16	16	16	61011	61011	61011
5	2574	912	16	16	16	61011	61011	61011
5	2574	896	16	16	16	61011	61011	61011
5	2574	880	16	16	16	61011	61011	61011
5	2574	864	16	16	16	61011	61011	61011
5	2574	848	16	16	16	61011	61011	61011
5	2574	832	16	16	16	61011	61011	61011
5	2574	816	16	16	16	61011	61011	61011

7	3086	800	16	16	30	61011	61011	61011
7	3102	800	16	16	30	61011	61011	61011
7	3118	800	16	16	30	61011	61011	61011
7	3134	800	16	16	30	61011	61011	61011

#pipe
7	2838	805	31	16	3	61022	61022	61021
7	3062	805	31	16	3	61022	61022	61021

5	2862	816	16	16	12	61011	61011	61011

5	2574	800	16	16	45	61011	61011	61011
5	2574	784	16	16	45	61011	61011	61011
5	2574	768	16	16	45	61011	61011	61011
5	2574	752	16	16	45	61011	61011	61011
5	2574	736	16	16	45	61011	61011	61011

#coin
4	2958	896
4	2958	874
4	2958	930
4	2958	946

4	2939	858
4	2921	858

4	2900	874
4	2900	946

4	2939	916
4	2921	916

4	2939	962
4	2921	962


# MARIO
0	2840	860


#COIN


#Portal 
50	3062	825	3092	855	2



