[SPRITES]
#KHUNG HUB
#TOP L-M-R
23000	164	3	171	11	105
23001	169	3	177	11	105
23002	178	3	185	11	105
#MID L-M-R
23010	164	11	171	19	105
23011	169	11	177	19	105
23012	178	11	185	19	105
#BOT L-M-R
23020	164	22	171	30	105
23021	169	22	178	30	105
23022	178	22	185	30	105

#M
23030	14	90	31	97	105
#X
23034	32	90	37	95	105
#WORLD
23031	15	83	46	88	105
#COIN
23032	127	9	134	16	105
#CLOCK
23033	119	18	126	25	105

#NUMBER 0-9
23040	63	90	70	96	105
23041	44	32	49	38	105
23042	40	90	47	96	105
23043	63	32	70	38	105
23044	71	90	78	96	105
23045	79	90	86	96	105
23046	93	32	100	38	105
23047	103	90	110	96	105
23048	143	82	150	88	105
23049	95	90	102	96	105

[ANIMATIONS]
#TOP
17510	23000	100
17511	23001	100
17512	23002	100
#MIDDLE
17520	23010	100
17521	23011	100
17522	23012	100
#BOTTOM
17530	23020	100
17531	23021	100
17532	23022	100

#M
17550	23030	100
#WORLD
17551	23031	100
#COIN
17552	23032	100
#CLOCK
17553	23033	100
#X
17554	23034	100
#NUMBER ANI
17540	23040	100
17541	23041	100
17542	23042	100
17543	23043	100
17544	23044	100
17545	23045	100
17546	23046	100
17547	23047	100
17548	23048	100
17549	23049	100