[SPRITES]
#WALK L
71101	165	199	180	224	80
71102	125	198	140	224	80

#WALK R
71201	215	199	230	224	80
71202	255	198	270	224	80

#SHELL
#IDLE
72001	49	204	65	219	80

#BACK
72002	84	203	101	219	80

#move when KICK
72003	15	204	30	219	80
72004	15	229	30	244	80
72005	15	254	30	269	80

#SHELL UPSET
73001	330	204	338	211	80
73002	294	203	311	219	80
73003	365	204	380	219	80
73004	365	229	380	244	80
73005	365	254	380	269	80

[ANIMATIONS]
#WALK
16001	71101	100	71102	100
16000	71201	100	71202	100
#SHELL IDLE
16002	72001	100
#SHELL BACK
16006	72001	100	72002	100
#SHELL MOVE
16003	72001	100	72003	100	72004	100	72005	100

#UPSET IDLE
16004	73001	100
16007	73001	100	73002	100
16005	73001	100	73003	100	73004	100	73005	100



