[SPRITES]
61201	65	545	80	577	80
61202	165	545	180	577	80

61203	315	545	330	577	80
61204	215	545	230	577	80

61205	15	545	30	577	80
61206	115	545	130	577	80

61207	365	545	380	577	80
61208	265	545	280	577	80
#======================================
61211	15	349	30	373	80
61212	65	350	80	373	80
#======================================
61221	64	399	80	423	80
61222	164	399	180	423	80

61223	314	399	330	423	80
61224	214	399	230	423	80

61225	15	399	30	423	80
61226	115	399	130	423	80

61227	364	399	379	423	80
61228	264	399	279	423	80

#======================================
[ANIMATIONS]
#RED
#LEFT TOP
12200	61202	100	61201	100
12201	61201	100

#RIGHT TOP
12204	61204	100	61203	100
12205	61203	100

#LEFT BOTTOM
12202	61206	100	61205	100
12203	61205	100


#RIGHT BOTTOM
12206	61208	100	61207	100
12207	61207	100
#=================================
#GREEN
#LEFT TOP
12220	61222	100	61221	100
12221	61221	100

#RIGHT TOP
12224	61224	100	61223	100
12225	61223	100

#LEFT BOTTOM
12222	61226	100	61225	100
12223	61225	100

#RIGHT BOTTOM
12226	61228	100	61227	100
12227	61227	100

#=================================
#GREEN NOT BULLET
12210	61211	200	61212	200
