# list of object assets to load in this scene
[ASSETS]
mario.txt
brick.txt
mushroom.txt
goomba.txt
brickQues.txt
background.txt
pipe.txt
coin.txt
leafs.txt
fireball.txt
plant_enemies.txt
koopa.txt
effect.txt


[OBJECTS]
# type	x	y	extra_settings per object type
# type: 0 = Mario , 1 = Brick, 2 = Goomba, 3 = Koopas, 4 = Coin, 5 = Platform, 
#6 = BACKGROUND, 7 = pipe, 8 = brickQues
# See OBJECT_TYPE constants in AssetIDs.h

#ground

5	77	194	145	20	1	20104
5	80	194	145	20	5	20101	20101	20101
1	745	180
5	828	189	170	35	1	20102
5	1000	189	152	35	2	20103	20103	20103

5	1397	194	145	20	1	20104
5	1400	194	145	20	3	20101	20101	20101
#

#BACKGROUND
#LÙM CÂY TO 
6	50	151	60001
6	113	159	60002

6	1100	147	60003
6	1027	139	60005
6	970	147	60004


#GRASS
6	175	175	60101
6	190	175	60101
6	205	175	60101
6	797	163	60101
6	812	163	60101
6	827	163	60101
6	842	163	60101
6	857	163	60101
6	872	163	60101
6	1200	163	60101
6	1215	163	60101
6	1385	175	60101
6	1400	175	60101
6	1415	175	60101


#CLOUD
6	150	50	60201
6	350	30	60202
6	780	50	60202
6	900	70	60203
6	1390	50	60202
#khoi mau hong xanh 
#first
#blue

5	300	123	9	8	6	20024	20025	20026
5	300	130	9	8	6	20024	20025	20026
5	300	137	9	8	6	20024	20025	20026
5	300	144	9	8	6	20024	20025	20026
5	300	151	9	8	6	20024	20025	20026
5	300	158	9	8	6	20024	20025	20026
5	300	165	9	8	6	20024	20025	20026
5	300	172	9	8	6	20024	20025	20026
5	300	116	9	9	6	20021	20022	20023
5	300	179	9	8	6	20027	20028	20029
#pink

5	270	145	9	9	5	20011	20012	20013
5	270	152	9	8	5	20014	20015	20016
5	270	159	9	8	5	20014	20015	20016
5	270	166	9	8	5	20014	20015	20016
5	270	173	9	8	5	20014	20015	20016
5	270	179	9	8	5	20017	20018	20019

5	530	107	9	9	8	20011	20012	20013
5	530	114	9	8	8	20014	20015	20016
5	530	121	9	8	8	20014	20015	20016
5	530	128	9	8	8	20014	20015	20016
5	530	135	9	8	8	20014	20015	20016
5	530	142	9	8	8	20014	20015	20016
5	530	145	9	8	8	20014	20015	20016
5	530	152	9	8	8	20014	20015	20016
5	530	159	9	8	8	20014	20015	20016
5	530	166	9	8	8	20014	20015	20016
5	530	173	9	8	8	20014	20015	20016
5	530	179	9	8	8	20017	20018	20019

#GREEN
5	450	145	9	8	11	20034	20035	20036
5	450	140	9	9	11	20031	20032	20033
5	450	152	9	8	11	20034	20035	20036
5	450	159	9	8	11	20034	20035	20036
5	450	166	9	8	11	20034	20035	20036
5	450	173	9	8	11	20034	20035	20036
5	450	179	9	8	11	20037	20038	20039

#WHITE
5	600	80	8	9	11	20041	20042	20043


6	1674	139	60501

#coin
4	1250	120
4	1270	90
4	1290	60
4	1310	30

#plant red
#12	410	152

#pipe with piranha
7	410	159

# BRICKS_COIN
8	195	130	1
8	210	130	1
8	260	90	1
8	480	90	1
8	781	163	2
8	827	113	1
8	1720	133	2

#koopa
#13	640	100	1

#Goomba
#2	250	175	0
#2	550	175	0
2	970	145	0
2	1020	145	0
2	1080	145	1
#BRICK_MUSHROOM
8	275	90	2

# MARIO
0	600	20



#Portal 
#50	300	120	316	140	2

